1000
0 229.035 161.889
1 385.178 449.886
2 141.642 50.2905
3 203.666 210.046
4 5.203 240.101
5 291.13 231.617
6 131.298 77.3746
7 113.295 80.0147
8 27.5724 184.681
9 454.553 409.432
10 209.049 343.127
11 319.329 196.1
12 245.113 124.735
13 201.37 436.02
14 160.196 320.597
15 493.193 263.33
16 180.006 53.4596
17 62.4877 147.36
18 43.5301 12.0207
19 139.974 487.028
20 467.717 57.722
21 310.287 212.779
22 417.164 149.423
23 129.175 418.826
24 370.4 224.721
25 32.691 133.003
26 129.128 404.776
27 479.416 5.35816
28 137.891 231.213
29 195.728 429.606
30 442.015 363.813
31 140.872 135.155
32 355.542 54.3442
33 108.712 405.596
34 233.202 46.3841
35 398.536 277.221
36 202.537 280.922
37 159.733 371.452
38 445.103 135.044
39 241.876 283.282
40 123.528 105.757
41 466.376 106.411
42 446.123 94.6605
43 331.363 485.484
44 65.145 191.495
45 364.305 130.824
46 210.718 77.9631
47 492.444 213.026
48 149.556 36.6036
49 15.433 250.467
50 131.869 91.038
51 160.1 31.7167
52 175.124 252.92
53 295.694 177.068
54 211.365 352.88
55 215.298 484.186
56 418.369 495.042
57 335.522 495.71
58 133.107 76.791
59 161.529 383.054
60 193.806 343.231
61 219.32 239.994
62 57.5137 458.144
63 332.793 205.46
64 166.069 194.427
65 330.053 39.3577
66 48.8276 191.664
67 224.866 309.348
68 20.9171 19.1722
69 499.993 118.49
70 144.299 182.114
71 81.3396 277.549
72 198.97 197.166
73 334.842 64.786
74 206.473 290.64
75 86.6851 151.478
76 168.712 338.322
77 230.919 443.123
78 283.745 321.533
79 348.775 187.182
80 312.457 346.324
81 496.184 188.783
82 61.3453 379.108
83 217.897 405.236
84 136.206 115.396
85 474.766 21.6386
86 192.624 290.903
87 323.062 177.255
88 8.63544 272.59
89 333.362 100.965
90 232.228 265.415
91 228.273 12.9787
92 295.009 271.923
93 490.994 184.605
94 404.829 51.8788
95 211.022 245.961
96 382.568 20.6426
97 9.78382 481.096
98 11.9786 134.841
99 157.886 136.855
100 57.3414 222.298
101 84.9838 307.387
102 128.385 406.823
103 406.041 99.6904
104 387.273 39.5559
105 426.466 132.685
106 471.249 210.525
107 218.556 291.91
108 266.104 358.769
109 217.708 20.7818
110 450.987 125.201
111 45.6975 281.694
112 78.5099 331.928
113 373.52 129.533
114 349.64 375.732
115 101.173 472.745
116 251.519 165.052
117 240.948 85.4355
118 238.594 407.298
119 124.237 103.457
120 454.605 290.164
121 67.54 221.748
122 371.028 223.605
123 215.628 133.57
124 180.447 494.508
125 437.443 367.224
126 498.593 154.889
127 143.356 79.2697
128 16.1264 297.365
129 438.747 53.675
130 67.6046 49.8112
131 38.0034 75.2688
132 174.401 349.905
133 140.638 239.79
134 134.155 355.566
135 132.312 244.127
136 213.392 226.164
137 496.491 160.353
138 74.4956 83.7396
139 260.839 90.0385
140 84.3845 135.502
141 355.658 145.097
142 306.696 495.633
143 273.781 13.6543
144 385.158 64.7311
145 372.564 219.892
146 391.672 487.792
147 288.578 169.753
148 158.092 450.805
149 430.073 35.0664
150 307.516 443.005
151 39.9856 379.25
152 479.689 31.6155
153 144.421 250.965
154 439.253 222.986
155 90.6251 188.96
156 67.6271 130.613
157 493.333 18.51
158 32.9169 282.074
159 185.643 454.546
160 310.364 336.027
161 243.283 52.58
162 55.8376 143.56
163 65.4159 101.052
164 8.46506 429.85
165 426.49 373.939
166 332.637 412.91
167 169.978 195.153
168 337.544 234.216
169 341.98 468.537
170 244.383 200.756
171 226.872 39.6864
172 371.348 51.4719
173 17.1316 323.117
174 70.4556 333.52
175 166.238 382.903
176 8.27452 442.77
177 144.043 301.773
178 346.632 101.273
179 225.198 24.7532
180 77.079 201.326
181 468.506 461.216
182 186.536 297.318
183 308.064 346.356
184 232.132 341.183
185 407.658 92.5487
186 174.671 130.038
187 457.696 448.092
188 145.494 267.272
189 401.961 244.277
190 357.8 354.094
191 72.076 71.5773
192 415.93 455.367
193 446.792 135.534
194 165 257.989
195 493.827 130.799
196 39.1059 279.378
197 331.818 155.071
198 10.728 19.1897
199 55.9909 383.806
200 257.681 309.403
201 92.8791 98.3172
202 106.897 362.564
203 119.852 285.026
204 440.551 307.266
205 239.68 302.202
206 492.186 362.241
207 108.408 228.144
208 94.034 75.1454
209 417.75 358.332
210 172.244 222.385
211 169.637 134.474
212 170.454 280.543
213 450.718 208.96
214 132.748 44.743
215 175.209 442.631
216 180.793 148.136
217 447.003 258.628
218 450.89 81.8041
219 40.5441 35.802
220 480.958 301.856
221 147.898 481.088
222 310.109 215.307
223 283.075 207.303
224 201.632 298.248
225 232.439 24.7987
226 276.517 210.382
227 305.202 257.971
228 494.087 108.292
229 461.515 307.139
230 493.368 218.049
231 334.869 60.6631
232 482.727 87.7174
233 272.942 85.9469
234 211.03 495.023
235 10.4728 129.93
236 91.9159 97.3769
237 112.119 411.491
238 111.362 143.922
239 446.431 20.5769
240 405.008 380.7
241 278.983 343.718
242 395.44 52.3842
243 21.1122 466.185
244 255.699 221.033
245 431.651 180.431
246 223.784 166.309
247 417.218 20.4912
248 200.795 287.42
249 52.1469 412.536
250 162.095 360.599
251 235.603 334.545
252 158.009 427.278
253 304.203 73.9535
254 289.72 195.575
255 274.949 203.187
256 181.703 23.0969
257 113.396 173.794
258 180.374 132.301
259 469.673 350.313
260 402.909 415.654
261 368.348 491.98
262 465.499 241.142
263 493.124 467.882
264 446.893 226.41
265 406.501 366.773
266 260.021 90.42
267 499.398 306.858
268 39.5469 63.4448
269 362.648 146.544
270 312.07 143.272
271 374.357 487.309
272 327.742 133.903
273 221.64 378.421
274 214.625 238.223
275 6.89989 400.821
276 441.711 318.971
277 43.5363 238.297
278 274.376 27.3687
279 141.161 203.456
280 135.155 394.653
281 295.453 251.192
282 308.324 240.613
283 407.063 166.724
284 260.538 461.125
285 493.407 467.686
286 5.00856 218.47
287 193.171 133.271
288 359.11 85.0619
289 468.058 69.6998
290 452.067 331.004
291 391.187 399.457
292 474.707 123.99
293 145.848 373.524
294 332.657 458.315
295 340.294 309.909
296 97.5554 50.9947
297 432.666 41.4254
298 212.491 339.453
299 394.866 215.708
300 24.5694 108.777
301 16.5688 14.7795
302 196.183 491.337
303 228.881 486.918
304 48.5167 368.613
305 109.259 57.0159
306 469.92 391.752
307 456.065 362.679
308 370.616 246.827
309 182.229 456.831
310 432.326 455.932
311 284.653 125.18
312 464.072 244.478
313 416.74 435.523
314 288.927 416.603
315 192.714 443.955
316 195.546 31.7538
317 445.542 438.142
318 188.355 497.627
319 138.366 85.0353
320 42.5269 219.621
321 216.617 457.94
322 395.268 282.147
323 102.633 421.097
324 67.7306 327.26
325 404.832 64.0065
326 424.746 206.436
327 301.661 304.164
328 83.5844 476.742
329 210.144 121.911
330 446.477 191.82
331 475.038 210.29
332 491.707 251.575
333 417.841 248.072
334 220.193 331.34
335 230.105 227.042
336 261.94 197.859
337 475.511 432.604
338 108.784 282.679
339 145 345.67
340 344.98 183.689
341 10.8766 394.642
342 66.2531 435.123
343 140.353 354.556
344 7.42764 136.278
345 468.176 57.5339
346 474.88 94.5008
347 300.672 27.6295
348 438.087 364.28
349 364.185 57.189
350 381.737 297.454
351 409.644 269.282
352 71.5662 174.418
353 357.621 360.627
354 406.911 79.2415
355 393.395 65.8044
356 136.395 402.051
357 222.467 451.918
358 164.689 37.5069
359 312.682 279.558
360 418.532 338.2
361 493.819 323.093
362 429.095 92.1921
363 190.978 326.024
364 25.891 87.2587
365 111.874 466.592
366 474.126 389.663
367 263.771 481.06
368 92.7932 428.278
369 125.44 310.905
370 192.667 428.019
371 262.206 377.818
372 264.945 170.049
373 340.857 475.435
374 454.763 148.827
375 19.0875 436.922
376 123.822 266.448
377 301.097 411.62
378 55.0185 487.073
379 460.002 131.379
380 144.661 343.433
381 483.833 430.661
382 392.131 217.686
383 116.688 459.78
384 72.0754 455.476
385 384.525 193.944
386 29.5422 178.497
387 400.553 288.254
388 129.517 494.561
389 193.256 299.695
390 254.186 256.096
391 289.263 117.958
392 61.8359 255.998
393 269.02 198.546
394 292.162 241.533
395 355.785 16.0357
396 33.0491 302.326
397 39.4835 261.988
398 483.705 12.1068
399 234.406 70.6962
400 451.825 240.602
401 263.762 363.862
402 434.328 473.692
403 164.719 31.6987
404 478.05 493.454
405 311.189 450.734
406 136.559 49.5725
407 452.426 386.696
408 189.064 474.4
409 486.148 388.696
410 96.8021 296.662
411 271.91 323.658
412 58.2157 404.476
413 344.392 108.298
414 460.793 283.799
415 140.514 237.845
416 447.877 356.606
417 138.394 60.5685
418 93.9857 451.845
419 376.1 101.85
420 361.529 407.176
421 421.839 108.871
422 365.248 16.1101
423 250.628 458.423
424 246.305 282.037
425 389.232 268.598
426 197.848 154.763
427 114.555 9.8619
428 309.494 390.144
429 347.008 7.89979
430 177.058 379.054
431 116.981 436.122
432 448.08 99.5753
433 484.024 399.716
434 457.575 222.683
435 248.332 154.373
436 267.366 408.703
437 278.176 327.758
438 178.774 341.335
439 491.743 461.187
440 246.187 176.606
441 392.104 178.634
442 220.263 32.6978
443 181.199 173.858
444 96.4955 191.796
445 31.9802 338.553
446 141.152 39.9065
447 153.451 14.0266
448 326.637 211.025
449 95.3943 333.133
450 145.173 424.73
451 13.7163 379.445
452 189.738 301.211
453 136.302 69.0909
454 148.635 332.436
455 146.481 475.046
456 297.409 381.369
457 105.501 163.501
458 370.856 241.739
459 162.383 318.468
460 247.671 339.664
461 26.1093 241.735
462 94.4692 43.126
463 358.557 381.329
464 344.676 192.509
465 466.541 124.379
466 72.804 156.925
467 162.658 307.439
468 304.519 431.722
469 25.1744 237.445
470 13.6833 141.663
471 497.54 56.564
472 80.5641 380.604
473 313.471 271.661
474 47.7562 281.513
475 441.219 426.676
476 327.74 378.015
477 114.953 159.809
478 110.518 247.083
479 382.295 131.198
480 337.997 321.298
481 329.834 317.582
482 301.789 117.772
483 331.09 373.086
484 381.089 124.942
485 35.5085 479.205
486 14.1622 59.0615
487 86.1094 454.049
488 246.671 244.633
489 290.476 191.735
490 156.013 35.6051
491 428.052 495.515
492 451.415 25.0496
493 312.018 104.629
494 109.314 13.304
495 138.199 92.7384
496 392.017 260.326
497 469.8 62.3679
498 267.792 430.137
499 50.61 87.5791
500 249.225 285.634
501 233.988 91.5869
502 269.539 65.9684
503 494.923 164.67
504 417.694 98.8319
505 335.637 248.168
506 342.224 144.125
507 382.543 438.597
508 277.639 105.746
509 85.1111 49.4851
510 266.815 237.102
511 280.109 162.012
512 258.042 68.6203
513 57.5303 17.0654
514 348.24 133.099
515 5.49546 21.9468
516 279.327 334.39
517 123.581 423.415
518 31.3649 88.6739
519 294.548 264.908
520 175.873 81.0681
521 326.991 44.1215
522 133.406 115.089
523 263.141 459.707
524 307.466 101.517
525 170.6 401.117
526 323.744 468.35
527 194.563 320.828
528 325.346 427.787
529 223.626 345.194
530 38.3705 295.852
531 202.588 225.738
532 320.426 388.193
533 84.1736 328.109
534 136.465 76.2863
535 155.716 199.07
536 133.599 132.662
537 395.572 255.535
538 425.366 410.586
539 10.5196 471.548
540 336.82 65.8436
541 242.772 207.276
542 226.813 16.1983
543 203.532 179.539
544 255.73 301.026
545 18.0813 224.811
546 287.818 224.282
547 122.927 252.292
548 228.117 192.987
549 345.333 370.931
550 266.742 300.258
551 493.439 457.423
552 206.782 99.7217
553 116.321 254.708
554 427.46 356.827
555 208.177 21.4639
556 366.932 490.666
557 478.619 321.855
558 120.304 240.367
559 375.811 199.227
560 129.95 44.4832
561 170.261 498.718
562 90.7772 37.3468
563 311.911 481.375
564 133.88 93.7498
565 370.19 16.7209
566 143.187 167.654
567 37.8743 57.8615
568 418.488 77.5419
569 225.069 47.7433
570 138.407 326.047
571 213.219 260.737
572 59.3839 124.002
573 28.9432 334.385
574 405.184 423.648
575 89.5838 108.726
576 109.122 483.099
577 7.7938 238.742
578 427.494 160.316
579 62.6261 193.395
580 287.411 473.674
581 131.98 19.8718
582 86.3149 380.639
583 338.018 181.08
584 23.3233 360.371
585 49.8543 469.309
586 438.379 486.939
587 371.48 346.803
588 51.86 99.0928
589 343.441 189.812
590 129.297 329.052
591 310.942 188.009
592 457.582 315.714
593 342.271 153.293
594 290.836 339.993
595 309.801 461.885
596 384.916 120.027
597 257.53 276.732
598 152.52 234.902
599 301.211 146.37
600 260.822 261.784
601 99.0727 62.7906
602 93.2017 97.5159
603 114.262 354.944
604 119.304 470.604
605 324.381 202.405
606 321.84 182.023
607 363.584 223.289
608 162.476 82.5131
609 414.825 271.169
610 436.872 454.852
611 214.468 130.278
612 482.933 327.043
613 255.727 258.559
614 269.238 183.289
615 227.444 74.727
616 482.038 454.666
617 98.7605 260.16
618 325.603 330.785
619 184.084 381.447
620 26.3879 377.974
621 91.2892 379.84
622 445.283 266.883
623 333.146 494.065
624 420.168 233.131
625 150.117 27.6628
626 401.466 201.132
627 334.298 297.165
628 427.111 177.345
629 329.946 218.43
630 32.939 381.134
631 53.4753 256.893
632 292.13 29.8462
633 112.237 382.775
634 376.645 331.126
635 384.616 186.557
636 445.359 267.119
637 74.9371 161.875
638 483.879 294.897
639 181.529 173.341
640 454.391 73.7006
641 355.506 487.592
642 225.636 339.002
643 57.3029 238.002
644 9.34251 155.694
645 462.592 268.98
646 252.936 159.502
647 84.972 219.646
648 306.439 117.985
649 430.191 68.9298
650 72.3123 437.795
651 471.957 408.915
652 55.4392 257.4
653 139.222 323.271
654 383.459 341.859
655 341.689 74.9542
656 284.07 371.913
657 213.64 459.955
658 217.262 461.044
659 405.853 21.3154
660 154.716 342.358
661 60.7421 160.573
662 30.1836 419.968
663 90.7238 441.243
664 470.322 339.618
665 15.342 432.166
666 78.2077 426.968
667 90.075 460.19
668 34.0754 242.192
669 136.614 143.873
670 21.976 180.901
671 221.467 15.8735
672 63.4141 443.695
673 456.924 210.716
674 490.383 154.546
675 346.516 70.8885
676 479.014 94.648
677 340.777 313.687
678 147.129 197.628
679 169.835 484.419
680 363.462 114.111
681 403.134 177.882
682 105.048 219.222
683 109.492 191.261
684 415.175 85.168
685 420.29 46.4328
686 233.07 221.907
687 311.974 216.97
688 489.821 339.291
689 172.861 61.9469
690 336.255 15.9863
691 390.4 431.901
692 356.124 148.671
693 344.664 222.796
694 70.2289 437.922
695 188.163 22.193
696 208.992 265.112
697 185.517 267.311
698 154.956 23.9326
699 230.708 151.725
700 483.904 309.986
701 54.6623 187.152
702 467.039 339.715
703 54.9364 452.096
704 388.708 63.043
705 239.504 127.021
706 251.821 499.932
707 413.048 123.075
708 138.449 96.997
709 144.23 416.665
710 477.31 471.505
711 149.006 80.3942
712 97.5369 21.807
713 470.346 229.89
714 476.521 118.833
715 434.966 142.903
716 179.58 181.074
717 114.67 115.134
718 50.0388 165.749
719 202.466 157.44
720 67.2397 63.2774
721 399.456 339.238
722 225.264 251.864
723 95.0191 282.262
724 80.563 251.86
725 487.467 282.9
726 98.7246 359.523
727 160.074 167.285
728 338.523 89.6944
729 18.6516 370.399
730 230.499 127.787
731 84.0332 156.104
732 479.926 176.627
733 183.856 122.423
734 453.805 228.968
735 82.1576 309.496
736 200.824 429.403
737 171.961 166.495
738 464.218 68.1534
739 468.99 433.712
740 367.517 42.0326
741 418.239 80.1622
742 236.219 451.696
743 451.143 146.806
744 122.8 70.2939
745 38.6658 63.9416
746 319.067 152.074
747 74.6571 121.874
748 404.987 143.087
749 405.546 373.465
750 7.03185 439.4
751 170.064 5.50639
752 190.24 163.081
753 29.0596 139.822
754 307.825 13.7838
755 145.327 301.741
756 363.683 150.535
757 313.818 429.703
758 135.629 336.972
759 472.103 489.214
760 418.219 331.128
761 449.035 498.303
762 7.99977 318.519
763 206.045 166.566
764 167.572 192.707
765 360.5 483.531
766 302.323 271.333
767 261.694 152.177
768 265.307 482.481
769 44.8577 443.602
770 225.982 280.313
771 221.682 54.8221
772 166.025 345.908
773 136.512 464.064
774 159.174 185.144
775 29.1823 47.2694
776 333.923 359.214
777 289.964 75.6988
778 235.981 415.994
779 95.6941 86.7313
780 466.89 219.346
781 490.988 303.338
782 324.59 251.994
783 28.7252 46.6645
784 303.637 232.884
785 259.739 353.634
786 52.669 162.151
787 476.677 20.8425
788 372.247 312.774
789 329.764 376.404
790 334.91 207.985
791 15.3906 58.1196
792 28.0639 346.968
793 73.2291 313.555
794 369.116 424.745
795 249.253 190.298
796 25.1113 398.654
797 163.425 363.481
798 261.438 419.616
799 440.993 306.793
800 248.258 123.818
801 363.717 233.417
802 68.9883 38.9129
803 202.564 110.077
804 277.875 68.4225
805 258.295 448.689
806 69.4219 17.7039
807 165.388 438.781
808 352.854 473.431
809 159.819 455.983
810 16.4876 102.138
811 289.752 155.241
812 123.048 185.654
813 135.967 243.089
814 255.892 276.947
815 110.41 264.031
816 48.3123 118.273
817 160.283 355.139
818 315.81 157.863
819 103.96 14.5761
820 132.698 469.18
821 7.89826 458.906
822 344.42 403.815
823 324.176 310.235
824 147.32 49.331
825 391.274 367.793
826 299.394 106.589
827 163.77 305.155
828 66.1553 115.033
829 374.376 400.732
830 132.475 373.033
831 274.603 34.0594
832 466.849 246.213
833 158.529 264.195
834 13.4651 205.183
835 21.0534 306.602
836 28.6288 126.043
837 444.042 230.434
838 344.717 490.61
839 173.997 455.237
840 295.261 161.212
841 497.051 224.891
842 57.0865 28.8703
843 314.864 157.039
844 307.386 24.984
845 255.4 182.009
846 288.273 481.815
847 126.256 406.364
848 57.69 67.0313
849 390.197 150.881
850 469.134 252.676
851 82.9853 101.066
852 427.129 234.864
853 251.288 433.132
854 233.03 425.418
855 493.869 302.222
856 129.448 161.405
857 20.1718 292.069
858 431.722 346.583
859 316.621 157.575
860 132.887 235.039
861 315.598 142.748
862 116.304 451.585
863 311.746 252.54
864 222.123 118.427
865 21.1391 145.167
866 323.204 73.308
867 302.775 416.069
868 214.235 224.279
869 282.855 395.337
870 135.704 154.923
871 58.5549 164.758
872 433.142 228.505
873 440.297 67.2135
874 228.978 136.827
875 392.727 421.205
876 153.999 167.766
877 227.225 297.894
878 215.29 290.434
879 139.185 248.855
880 228.743 22.021
881 463.57 442.354
882 13.7034 360.437
883 23.8733 107.64
884 406.926 101.034
885 42.097 333.298
886 163.644 417.314
887 472.214 85.0033
888 151.943 54.9392
889 387.071 76.065
890 291.135 57.5168
891 362.61 198.815
892 491.76 408.573
893 446.223 253.511
894 79.5815 61.5358
895 389.347 465.446
896 348.015 156.861
897 212.52 329.316
898 259.861 330.854
899 177.137 452.082
900 477.285 42.526
901 337.886 394.366
902 13.8384 449.245
903 260.558 190.65
904 184.345 163.798
905 272.837 336.095
906 26.2934 335.888
907 496.693 37.6363
908 167.531 6.02809
909 146.215 246.353
910 346.663 316.544
911 11.2052 115.248
912 144.131 11.9314
913 259.842 426.337
914 237.581 481.35
915 428.722 119.21
916 243.341 125.694
917 433.405 332.804
918 105.835 362.481
919 253.953 446.962
920 342.017 94.7963
921 486.212 10.3495
922 460.733 374.536
923 482.411 45.5242
924 452.447 343.088
925 451.724 332.179
926 294.135 452.162
927 361.004 414.088
928 348.949 333.161
929 91.4067 406.641
930 320.297 378.259
931 479.77 380.955
932 185.384 116.721
933 203.339 81.327
934 345.419 26.3415
935 336.918 351.354
936 36.4075 248.8
937 445.24 113.727
938 206.046 105.6
939 377.904 100.255
940 148.637 93.4805
941 262.838 252.137
942 340.609 470.522
943 331.391 421.952
944 269.216 395.64
945 337.489 427.003
946 168.942 173.28
947 375.94 13.9736
948 66.4364 66.8741
949 9.9391 281.495
950 374.318 281.561
951 361.435 381.922
952 139.671 32.8635
953 34.383 407.178
954 81.6695 310.12
955 210.955 325.792
956 268.849 307.229
957 109.036 416.22
958 499.342 41.3297
959 286.23 270.527
960 367.561 205.184
961 319.852 8.27225
962 433.202 112.269
963 25.3536 149.045
964 215.809 316.592
965 482.897 60.7938
966 243.439 467.434
967 192.668 76.8867
968 439.365 297.587
969 228.436 284.608
970 82.0522 252.244
971 366.146 406.977
972 133.334 468.774
973 285.962 162.14
974 39.5639 449.602
975 238.977 5.0109
976 91.6586 226.223
977 321.633 429.494
978 272.41 256.185
979 23.7043 455.27
980 296.929 175.82
981 166.709 96.8352
982 426.651 137.071
983 401.175 484.328
984 156.808 388.879
985 438.206 116.618
986 78.7809 30.5352
987 202.14 188.68
988 217.478 267.627
989 168.08 495.089
990 496.15 466.503
991 13.3033 35.2702
992 422.868 102.066
993 102.004 27.891
994 286.62 200.809
995 442.179 470.185
996 453.367 244.983
997 121.064 160.31
998 355.507 400.905
999 270.943 165.27
