118
0 9 3
1 3 37
2 7 51
3 8 53
4 5 75
5 3 93
6 12 104
7 3 94
8 14 112
9 40 173
10 53 175
11 63 184
12 82 185
13 118 183
14 135 177
15 157 174
16 182 170
17 188 158
18 192 144
19 193 147
20 207 128
21 212 105
22 222 77
23 227 37
24 228 31
25 228 7
26 220 6
27 212 2
28 206 1
29 205 12
30 203 18
31 197 42
32 146 65
33 128 64
34 104 59
35 70 58
36 36 6
37 18 11
38 30 14 
39 25 20
40 10 22
41 18 28
42 23 35
43 33 41
44 12 45
45 24 53
46 27 60
47 10 66 
48 9 85
49 26 92
50 25 78
51 32 72
52 24 54
53 33 39
54 47 64
55 39 85
56 38 109
57 22 126
58 29 132
59 39 124
60 51 131
61 62 129
62 46 149
63 35 145
64 42 155
65 35 158
66 53 151
67 47 148
68 51 152
69 42 155
70 36 158
71 57 165
72 73 153
73 69 157
74 84 160
75 70 169
76 73 153
77 84 160
78 85 172
79 97 160
80 110 159
81 107 173
82 120 158
83 129 177
84 145 158
85 162 165
86 170 158
87 164 145
88 171 137
89 184 139
90 181 122
91 193 130
92 187 114
93 197 104
94 198 91
95 200 79
96 201 65
97 210 54
98 216 43
99 219 19
100 214 10
101 193 20 
102 195 53
103 190 70
104 168 68
105 179 79
106 160 82
107 146 85
108 126 82
109 117 77
110 99 69
111 91 69
112 73 67
113 71 87
114 105 77
115 66 83
116 55 75
117 47 63

