51
0 10 54
1 38 69
2 50 81
3 63 98
4 82 197
5 92 212
6 91 214
7 107 220
8 132 243
9 145 250
10 169 257
11 175 258
12 196 270
13 200 283
14 208 306
15 211 316
16 210 332
17 234 326
18 250 322
19 302 307
20 272 287
21 243 261
22 217 223
23 214 214
24 209 191
25 223 192
26 264 182
27 270 177
28 296 163
29 304 155
30 315 148
31 324 139
32 334 133
33 348 98
34 324 102
35 300 104
36 271 100
37 237 93
38 182 83
39 166 81
40 148 90
41 133 93
42 135 99
43 122 84
44 114 60
45 110 50
46 83 37
47 60 33
48 47 35
49 34 41
50 18 51


